Ranga Reddy
27.8,12.6,0.4
28.7,13.5,0.6
29.6,13.5,3.3
30.4,14.0,0.2
30.7,14.4,0.8
31.3,15.5,0.5
32.3,16.3,2.9
33.2,16.6,1.0
34.1,16.7,1.1
34.9,18.4,3.9
35.3,19.3,8.1
36.8,20.4,5.8
36.8,20.8,4.5
37.3,21.8,4.3
37.7,22.7,5.0
38.1,23.4,9.8
38.5,24.0,5.3
39.2,25.0,3.7
39.2,25.4,8.6
39.4,25.7,10.3
39.2,25.9,1.2
38.8,26.2,6.2
36.9,25.3,19.7
34.5,24.2,35.6
33.0,23.8,24.4
32.6,23.7,19.7
32.2,23.5,29.6
31.4,23.3,42.9
30.9,23.0,42.1
30.3,22.8,38.7
29.9,22.7,38.8
29.9,22.6,45.1
30.0,22.6,32.6
30.0,22.6,36.2
30.0,22.4,37.5
30.3,22.5,29.4
30.7,22.3,59.2
30.7,22.4,38.9
31.4,22.1,25.0
31.0,21.5,34.5
31.2,20.9,23.7
30.9,19.7,21.3
30.6,18.7,11.6
29.7,18.2,13.6
29.6,17.4,8.8
29.5,18.1,17.8
29.7,17.3,3.7
29.4,16.0,10.2
29.3,14.9,0.7
29.0,13.7,0.6
28.7,12.9,2.3
28.6,13.1,1.0
